[0, 36, 159, 9, 4, 0, 949, 43, 42, 618, 15, 1, 125, 914, 724]

Исходный: 0 | 36, 159, 9, 4, 0, 949, 43, 42, 618, 15, 1, 125, 914, 724

Итерация 1: 0, 36 | 159, 9, 4, 0, 949, 43, 42, 618, 15, 1, 125, 914, 724

Итерация 2: 0, 36, 159 | 9, 4, 0, 949, 43, 42, 618, 15, 1, 125, 914, 724

Итерация 3: 0, 9, 36, 159 | 4, 0, 949, 43, 42, 618, 15, 1, 125, 914, 724

Итерация 4: 0, 4, 9, 36, 159 | 0, 949, 43, 42, 618, 15, 1, 125, 914, 724

Итерация 5: 0, 0, 4, 9, 36, 159 | 949, 43, 42, 618, 15, 1, 125, 914, 724

Итерация 6: 0, 0, 4, 9, 36, 159, 949 | 43, 42, 618, 15, 1, 125, 914, 724

Итерация 7: 0, 0, 4, 9, 36, 43, 159, 949 | 42, 618, 15, 1, 125, 914, 724

Итерация 8: 0, 0, 4, 9, 36, 42, 43, 159, 949 | 618, 15, 1, 125, 914, 724

Итерация 9: 0, 0, 4, 9, 36, 42, 43, 159, 618, 949 | 15, 1, 125, 914, 724

Итерация 10: 0, 0, 4, 9, 15, 36, 42, 43, 159, 618, 949 | 1, 125, 914, 724

Итерация 11: 0, 0, 1, 4, 9, 15, 36, 42, 43, 159, 618, 949 | 125, 914, 724

Итерация 12: 0, 0, 1, 4, 9, 15, 36, 42, 43, 125, 159, 618, 949 | 914, 724

Итерация 13: 0, 0, 1, 4, 9, 15, 36, 42, 43, 125, 159, 618, 914, 949 | 724

Итерация 14: 0, 0, 1, 4, 9, 15, 36, 42, 43, 125, 159, 618, 724, 914, 949