0; 36; 159; 9; 4; 0; 949; 43; 42; 618; 15; 1; 125; 914; 724;

Итерация 1: Минимум = 0 (индекс 0). Меняем с индексом 0.
0 | 36, 159, 9, 4, 0, 949, 43, 42, 618, 15, 1, 125, 914, 724

Итерация 2: Минимум = 0 (индекс 5). Меняем с индексом 1.
0, 0 | 159, 9, 4, 36, 949, 43, 42, 618, 15, 1, 125, 914, 724

Итерация 3: Минимум = 1 (индекс 11). Меняем с индексом 2.
0, 0, 1 | 9, 4, 36, 949, 43, 42, 618, 15, 159, 125, 914, 724

Итерация 4: Минимум = 4 (индекс 4). Меняем с индексом 3.
0, 0, 1, 4 | 9, 36, 949, 43, 42, 618, 15, 159, 125, 914, 724

Итерация 5: Минимум = 9 (индекс 4). Меняем с индексом 4.
0, 0, 1, 4, 9 | 36, 949, 43, 42, 618, 15, 159, 125, 914, 724